n_estimators,test-mlogloss-mean,test-mlogloss-std,train-mlogloss-mean,train-mlogloss-std
0,1.086383,9.24806286023e-05,1.08620566667,6.11082827629e-05
1,1.07443,0.000123760521438,1.074058,8.4146697301e-05
2,1.06286766667,0.000209514253029,1.06230066667,0.000207612352448
3,1.05184,0.000284460893622,1.051117,0.000150401684388
4,1.04104466667,0.00029854350139,1.04016666667,0.000184319167629
5,1.03045966667,0.000298489903049,1.02940766667,0.000103228979566
6,1.02029133333,0.000338625981808,1.01907166667,0.000105868891664
7,1.01043766667,0.000274838538459,1.009061,6.57013444814e-05
8,1.00090533333,0.000314850581846,0.999332666667,7.34725950421e-05
9,0.991718666667,0.000368052834371,0.990018333333,9.6641376002e-05
10,0.982694,0.000428040496527,0.980824333333,9.49116548282e-05
11,0.974023666667,0.000431435845624,0.972005666667,0.000208576657904
12,0.965486333333,0.00047054885211,0.963323333333,0.000198838851558
13,0.957262,0.000499703912332,0.954926333333,0.000171141916419
14,0.949183,0.000561614339798,0.946677,0.000154615652506
15,0.941289333333,0.000559355184317,0.938594666667,0.00018832654855
16,0.933635333333,0.000591906148717,0.930755,0.000265001886786
17,0.926299666667,0.00056793505106,0.923264,0.000328153419404
18,0.919106666667,0.000644318934138,0.915914333333,0.000270735212995
19,0.912111333333,0.000648675231187,0.908763333333,0.00029435164156
20,0.905341,0.000639702013962,0.901827333333,0.000285711198396
21,0.898752333333,0.000654322210807,0.895096666667,0.000294375421679
22,0.892290333333,0.000669751363484,0.888455666667,0.000295551837905
23,0.886063333333,0.000716219860719,0.882071333333,0.000262177208943
24,0.879991,0.000721174505003,0.875804,0.000347454553383
25,0.874079666667,0.000806019161614,0.869727,0.000262236534449
26,0.868317333333,0.000794478585125,0.863802,0.000318455648403
27,0.862587666667,0.000817876247091,0.857922,0.000343840079107
28,0.857078333333,0.000825762004992,0.852266333333,0.000357417900441
29,0.851761666667,0.000966404447194,0.846793666667,0.000276696383946
30,0.846513333333,0.000995746397879,0.841400333333,0.000338106820727
31,0.841483,0.00103117829044,0.836239666667,0.00040196379052
32,0.836532666667,0.000992818322868,0.831121,0.000461727914108
33,0.831851666667,0.000888088709283,0.826304,0.000438663880437
34,0.827195333333,0.00082964624322,0.821501,0.000547790714294
35,0.822615333333,0.000804578702731,0.816773,0.000520412016259
36,0.818165333333,0.000840053305187,0.812156333333,0.000533062431199
37,0.813838666667,0.000808516886376,0.807656333333,0.00060730131639
38,0.809550333333,0.00084948036404,0.803227666667,0.000560267396477
39,0.805351,0.000832867736598,0.798883666667,0.000675752091294
40,0.801242666667,0.000836624301716,0.794629333333,0.000662820404702
41,0.797279333333,0.000831322774592,0.790499666667,0.000617328833677
42,0.793378,0.00081467907792,0.786434,0.000667751949953
43,0.789620333333,0.000892087564212,0.7825,0.000630022750912
44,0.785945666667,0.00092108860715,0.778663666667,0.00061843476257
45,0.782340333333,0.000983255251137,0.774910333333,0.000535557238356
46,0.778856333333,0.000995017364449,0.771272,0.000506328615295
47,0.775426333333,0.00102989524818,0.767693,0.000493937242977
48,0.77202,0.00105475905621,0.764143666667,0.000477086528374
49,0.768689666667,0.00109369871943,0.760655333333,0.00047860514925
50,0.765504,0.00109668865226,0.757340666667,0.000473224635406
51,0.762396,0.00109208333015,0.75409,0.000508049866319
52,0.759363,0.00108688024486,0.750911,0.000552472623756
53,0.756427666667,0.0011423543914,0.74779,0.000497940424817
54,0.75353,0.0012034974034,0.744755,0.000461657881986
55,0.750658666667,0.00124959735737,0.741738333333,0.000475115658434
56,0.747881666667,0.00120791316833,0.738813333333,0.000513895147109
57,0.745202666667,0.00120465938017,0.735973333333,0.000534118796607
58,0.742546333333,0.0012000781456,0.733136333333,0.000573206962817
59,0.739966666667,0.00121700187163,0.730420666667,0.000552106471213
60,0.737449333333,0.0012445471287,0.727730666667,0.000566515273894
61,0.734962333333,0.00121300984699,0.725103,0.000620068275811
62,0.732555,0.00122664746362,0.722530333333,0.000650949221437
63,0.730182,0.00125721358567,0.720022333333,0.000597957820883
64,0.727890333333,0.00131913970282,0.717604333333,0.000568560951487
65,0.725629,0.00134680585089,0.715158333333,0.000521636101341
66,0.723417,0.00137429060488,0.712787666667,0.000507351510844
67,0.721267666667,0.00136994995853,0.710501,0.000510511508195
68,0.719140666667,0.00136083511941,0.708209666667,0.000536463315511
69,0.717060666667,0.00136370092844,0.705972666667,0.000522464884519
70,0.715022,0.0014211926916,0.703791666667,0.000500945993984
71,0.713036333333,0.0014404847178,0.701644,0.000484896552542
72,0.711051666667,0.00143185318925,0.699513666667,0.000484369922912
73,0.709114333333,0.00145488151484,0.697431,0.00046583759688
74,0.707280333333,0.00142435396662,0.695447333333,0.000529116454311
75,0.705430333333,0.0014455055248,0.693438,0.000545388546512
76,0.703602333333,0.00143179266035,0.691436666667,0.000557858604148
77,0.701843,0.0014503581167,0.689539,0.000589396866862
78,0.700116333333,0.00143025460049,0.687692,0.000641427054829
79,0.698459666667,0.00138609675789,0.685895,0.000674836770387
80,0.696826333333,0.00137483534368,0.684124666667,0.000683169736514
81,0.695192,0.00135859437165,0.682338666667,0.00073507611095
82,0.693639,0.0013682960206,0.680627,0.000751709163618
83,0.692112333333,0.00136029931347,0.678952333333,0.000766361678467
84,0.690634,0.00138048469749,0.677347,0.000748372010879
85,0.689151666667,0.00140405468396,0.675708666667,0.000760212397221
86,0.687693,0.00141879126959,0.674105333333,0.000769057576229
87,0.686263,0.00143134365778,0.672525333333,0.000773452146045
88,0.68492,0.001422196189,0.671035333333,0.000812897834226
89,0.683542333333,0.00142369128988,0.669534666667,0.000815473822729
90,0.682205333333,0.00143203964874,0.668059333333,0.000816874667389
91,0.680895666667,0.00146586637257,0.666618333333,0.000797634140582
92,0.679579,0.00148327138447,0.665151,0.000782330279784
93,0.678282,0.00152235803936,0.663723,0.000753574592636
94,0.677081666667,0.00153839512335,0.662374,0.000736418359358
95,0.675854666667,0.00153691559806,0.661026333333,0.000747908342572
96,0.674636,0.00155591923526,0.659681,0.000729808650721
97,0.673468,0.00155795314435,0.658397,0.00076645286874
98,0.672363,0.00154812983952,0.657177666667,0.000783601230786
99,0.671230666667,0.00155625112227,0.655899666667,0.000788172710909
100,0.670136,0.00157176164436,0.654667666667,0.000767141157516
101,0.669063666667,0.00154323498607,0.653473666667,0.000805514880199
102,0.668028333333,0.00155748436768,0.652312,0.000799781636865
103,0.667003666667,0.0015773937013,0.651141,0.000798650528496
104,0.665975333333,0.00160893843539,0.649959,0.000759355428417
105,0.664994,0.00162606539434,0.648845,0.000743473379931
106,0.664001333333,0.00164453323334,0.647744666667,0.000739896539314
107,0.662998666667,0.00167922945292,0.646608333333,0.000726593115544
108,0.662068666667,0.00166667119999,0.645518333333,0.000743806575813
109,0.661160333333,0.00164780345376,0.644495333333,0.000754124805468
110,0.660244,0.00162288323671,0.643454333333,0.000777727601556
111,0.659354,0.00161051937792,0.642442333333,0.000796249681667
112,0.658520666667,0.00163393539924,0.641452666667,0.000774025121614
113,0.657629666667,0.00162780922988,0.640445666667,0.000776771237595
114,0.656732666667,0.00164155948889,0.639445666667,0.000762936578113
115,0.655869666667,0.00163434030184,0.638450666667,0.000778871548388
116,0.655042333333,0.00165530507427,0.637501333333,0.000736752483689
117,0.654260666667,0.00167174286965,0.636562333333,0.00074503527135
118,0.653501333333,0.00167451512053,0.635694333333,0.000720181612897
119,0.652708666667,0.00167907798773,0.634784666667,0.000742038783054
120,0.651937333333,0.00170220353921,0.633875666667,0.000713618634535
121,0.651212,0.00172347923302,0.633038,0.000704628034261
122,0.650493,0.00174171888279,0.632217,0.000700139033812
123,0.649753333333,0.00174447400541,0.631341,0.000693933714414
124,0.649033666667,0.00172429586273,0.630481666667,0.000721906888425
125,0.648323,0.00174838573166,0.629630666667,0.000704559594514
126,0.647644333333,0.00179149924799,0.628820333333,0.000678009996649
127,0.646969333333,0.00175046209772,0.628028666667,0.000702649430529
128,0.646307666667,0.00171678659775,0.627249666667,0.000754438569769
129,0.645645333333,0.00172573488372,0.626449333333,0.000752662090332
130,0.645014666667,0.00178642927527,0.625688,0.000682889937447
131,0.644345333333,0.00181823748602,0.624885,0.000680172527133
132,0.643688333333,0.00180246319118,0.624075666667,0.000719056944121
133,0.643081,0.00179622956959,0.623356,0.000745273104305
134,0.642480333333,0.00180706840552,0.622589,0.000753440110427
135,0.641882666667,0.00180067289892,0.621871,0.00072763589796
136,0.641268,0.0018105314137,0.621129333333,0.000722325103783
137,0.640658,0.00181729707716,0.620427333333,0.000737066407381
138,0.640133666667,0.00183842420446,0.619781333333,0.000749779671341
139,0.639563666667,0.00181592480265,0.619088,0.000778776390671
140,0.639004333333,0.00180129033998,0.618395333333,0.000815428857855
141,0.638447333333,0.00177946440132,0.617701,0.000865667757668
142,0.637917666667,0.00173875095655,0.617055,0.000909169217839
143,0.637400666667,0.00174549980108,0.616426333333,0.000905085754071
144,0.636882,0.00170463916025,0.615764333333,0.00093538168086
145,0.636352,0.00170357878205,0.615101,0.000963141041939
146,0.63583,0.00166436133897,0.614453,0.00100856465666
147,0.635319666667,0.00166012054449,0.613803333333,0.000999716737659
148,0.634849666667,0.0016676111324,0.613227333333,0.000994502332269
149,0.634373333333,0.00165861032863,0.612634666667,0.000974306705076
150,0.633877,0.0016300860918,0.612011,0.00102932825992
151,0.633400333333,0.00163194471584,0.611424333333,0.00101066886543
152,0.632919666667,0.00162932426348,0.610805666667,0.0010308004441
153,0.632463,0.00162700891208,0.61024,0.00103369079839
154,0.632034,0.00161612458266,0.609672666667,0.00104548500175
155,0.631582333333,0.0016232973302,0.609105,0.0010401676147
156,0.631139333333,0.00161340247786,0.608547333333,0.00103383987585
157,0.630723666667,0.00164269541371,0.607999666667,0.00100640128952
158,0.630281,0.0016162031638,0.607440666667,0.0010465499935
159,0.629875,0.00160476041826,0.606884333333,0.00103756649051
160,0.629458666667,0.00155176294009,0.606361666667,0.00110127875167
161,0.629048666667,0.00157198946844,0.605824,0.00110101438077
162,0.628620666667,0.00160049915825,0.60528,0.00108331989735
163,0.628218333333,0.00162694014095,0.604750333333,0.00106081300059
164,0.627786,0.00161352843173,0.604195333333,0.00104939167563
165,0.62742,0.00162311449586,0.603708333333,0.00106075518172
166,0.627014,0.00161566642597,0.603186333333,0.0010765712032
167,0.626642666667,0.00163161971332,0.602696333333,0.00105122288576
168,0.626230666667,0.00168255011482,0.602146333333,0.000994164417433
169,0.625866333333,0.00168869522281,0.601694333333,0.00100910069974
170,0.625506333333,0.00168627485568,0.601214666667,0.00102407855601
171,0.625114333333,0.00169555464541,0.600707333333,0.00102968517303
172,0.624737666667,0.00166189456812,0.600221,0.0010355356102
173,0.624355333333,0.00167031141474,0.599727666667,0.00100670165502
174,0.624004333333,0.00164369711998,0.599238,0.00103153574829
175,0.623685,0.00161439833994,0.598771666667,0.00104142093101
176,0.623342666667,0.00161256986067,0.598342666667,0.00103525724125
177,0.623004333333,0.00161301567121,0.597911333333,0.00103649484107
178,0.622690666667,0.00160350082285,0.597468333333,0.00104148654443
179,0.622353,0.00159303630425,0.597008,0.00105223032966
180,0.622022666667,0.00161125920392,0.596554333333,0.00102756875953
181,0.621697666667,0.00164162690307,0.596100666667,0.0010281888067
182,0.621408666667,0.00161480490738,0.595678666667,0.0010708654859
183,0.621116333333,0.00162056046546,0.595264666667,0.00107867737943
184,0.620822333333,0.00165087155433,0.594850666667,0.00104348944519
185,0.620529666667,0.00164923544576,0.594422333333,0.00103306189983
186,0.620225,0.0016712278919,0.594011333333,0.000970092893605
187,0.619903,0.00170719672758,0.593551666667,0.000919406088492
188,0.619598333333,0.00169751471929,0.593131666667,0.000929148116407
189,0.619291,0.00172855257369,0.592710666667,0.000881847429485
190,0.618992,0.00173734989759,0.592299,0.000872915039776
191,0.618746,0.00172243161451,0.591950666667,0.000886207775988
192,0.618478666667,0.00170421875226,0.591563,0.000867802204806
193,0.618236666667,0.00173514578318,0.591227333333,0.000855442315738
194,0.618007333333,0.00173840718923,0.590889,0.000842954723972
195,0.617750666667,0.00174154669443,0.590527666667,0.000835980196469
196,0.617464666667,0.00176243436442,0.590116666667,0.000810918135339
197,0.617176,0.00176715156867,0.589726333333,0.000797476993747
198,0.616920333333,0.00177711420255,0.589343,0.000796043968635
199,0.616647333333,0.00179883246085,0.588958333333,0.000775962771157
200,0.61638,0.00179231247276,0.588586333333,0.000803038120031
201,0.616118333333,0.00175809751973,0.588219666667,0.000860094697629
202,0.615820333333,0.00171870151245,0.58781,0.000884534906038
203,0.615581666667,0.00172831812915,0.58749,0.00086948375488
204,0.615355666667,0.00171436680893,0.587136,0.000877227830536
205,0.615121666667,0.00174367702157,0.586778333333,0.00082848871782
206,0.614893333333,0.00174018894249,0.586428666667,0.000855065819429
207,0.614664666667,0.00172475164074,0.586076,0.000872635471813
208,0.614409,0.00174113143291,0.585727666667,0.000837700954332
209,0.614165666667,0.00174400312181,0.585366333333,0.00080551943214
210,0.613931333333,0.0017355699032,0.585034,0.000797576328636
211,0.613678666667,0.00172124844872,0.584685,0.000798192959127
212,0.613444333333,0.00173909139751,0.584327666667,0.000775770727871
213,0.613203333333,0.00176586642253,0.583976,0.000734063121718
214,0.612937333333,0.00176228002567,0.583607333333,0.00071491227123
215,0.612724666667,0.0017445687783,0.583271,0.00073024151256
216,0.612503333333,0.00172539122778,0.582920333333,0.000764584999998
217,0.612293666667,0.00171000201429,0.582599333333,0.000759105760455
218,0.612068666667,0.00171138235224,0.582269,0.000757451428586
219,0.611870333333,0.00173047090572,0.581951666667,0.000743392822732
220,0.611676666667,0.0017152971236,0.581651333333,0.000747399640234
221,0.611485333333,0.00175126360729,0.581342666667,0.00071003959201
222,0.611285333333,0.0017669737469,0.581062333333,0.000673325247476
223,0.611084333333,0.00175223406605,0.580764666667,0.000681242166112
224,0.61089,0.00176052113497,0.580446,0.000686017978384
225,0.610693,0.00176516816951,0.580162,0.000680016176278
226,0.61051,0.00176505429567,0.579892666667,0.000664978362221
227,0.610294666667,0.00177258912956,0.579567,0.000634911542395
228,0.610096333333,0.00176655037353,0.579263,0.000642146919845
229,0.609904,0.00178544410909,0.578948,0.000650686304348
230,0.609738666667,0.00178788596455,0.578667,0.000651801094404
231,0.609555,0.00177308789028,0.578344,0.000664400983343
232,0.609361,0.00180301210941,0.578003333333,0.000639153780835
233,0.609185333333,0.00180565155984,0.577713,0.000627709062119
234,0.609028666667,0.00179907871485,0.577477666667,0.000621087934372
235,0.608827,0.00179778103969,0.577165,0.000611265899589
236,0.608661333333,0.00182295315963,0.576855,0.000568804594449
237,0.608493,0.00182054735359,0.576565333333,0.000589396489829
238,0.608301,0.00181605579944,0.576279,0.000596650651554
239,0.608110666667,0.00181126554897,0.575964666667,0.000608738769004
240,0.607951,0.00182940227032,0.575696333333,0.000601476701313
241,0.607799,0.00181585076479,0.575432,0.000604096570646
242,0.607608333333,0.0018286775428,0.575139333333,0.000588277334445
243,0.607416333333,0.00188480172845,0.574857666667,0.000525976129581
244,0.607228666667,0.00190027109177,0.574535666667,0.000522491679891
245,0.607047666667,0.00191456702387,0.574221333333,0.000553318072079
246,0.606884333333,0.00191660121627,0.573933333333,0.000543169914074
247,0.606742666667,0.00195030772501,0.573699333333,0.00052100181275
248,0.606609333333,0.00195643559113,0.573457333333,0.000531887414988
249,0.606456,0.00198082272469,0.573209333333,0.000515286543801
250,0.606277,0.00196769255729,0.572901666667,0.000560538629851
251,0.606105666667,0.0019447728802,0.57262,0.000573013670576
252,0.605944666667,0.00193309636479,0.572371333333,0.000609581459327
253,0.605764333333,0.00196804815885,0.572078333333,0.000581412265284
254,0.605577,0.00195372328303,0.571788,0.000607220443222
255,0.605414,0.00197970149265,0.571508333333,0.000585603013046
256,0.605253333333,0.0019940545518,0.571244666667,0.000566546457838
257,0.605115333333,0.00199191521462,0.571013666667,0.000580402350864
258,0.604985333333,0.00199960151586,0.570774,0.000565043361168
259,0.604863666667,0.00199688429532,0.570522,0.00055283330821
260,0.604712333333,0.00197956297085,0.570277333333,0.000570017738515
261,0.604544,0.00198525380409,0.570023666667,0.000554576314756
262,0.604393333333,0.00200219385231,0.569792666667,0.000498408355557
263,0.604241666667,0.00200659584593,0.569530666667,0.000477609556949
264,0.604086,0.00200421156568,0.569272333333,0.000483200671449
265,0.603949666667,0.00198290180179,0.569026,0.00051948885134
266,0.603827333333,0.00198448319609,0.568763666667,0.000511996310751
267,0.603687333333,0.00197231527793,0.568524333333,0.000486744514322
268,0.60355,0.00196741810503,0.568281,0.000529177348974
269,0.603413333333,0.00196149081625,0.568037333333,0.000550633776257
270,0.603281666667,0.00194926726974,0.567792,0.000566034156802
271,0.603171666667,0.00195865946221,0.567583666667,0.000552253766146
272,0.603026333333,0.00192799884739,0.567336,0.000561377472532
273,0.602901666667,0.00193561813268,0.567094,0.000557151684912
274,0.602779333333,0.00195287690913,0.566854333333,0.000527961067588
275,0.602656333333,0.00195449589977,0.566654,0.000508561369617
276,0.602561,0.00197014787939,0.566470666667,0.000501332446808
277,0.602434333333,0.001972317137,0.566245333333,0.000494809278634
278,0.602314,0.00195877836078,0.566011,0.000483663795075
279,0.602176666667,0.00193575141884,0.565759,0.000523297875657
280,0.602023333333,0.00195050511976,0.565476333333,0.000490361318032
281,0.601895,0.00194130111008,0.565259,0.000508134496631
282,0.601771666667,0.00193032749093,0.565042,0.000509187588223
283,0.601642666667,0.00193952920977,0.564810333333,0.000497280828328
284,0.601513333333,0.00192289093699,0.564583,0.000518137690838
285,0.601393333333,0.00191358116862,0.564347333333,0.000525028464837
286,0.601275666667,0.0019183170286,0.564115666667,0.000539132842834
287,0.601152666667,0.00192644341267,0.563907,0.000536235644718
288,0.601011666667,0.00191830920923,0.56368,0.000550138770372
289,0.600903666667,0.00191279382638,0.563454666667,0.000559601246921
290,0.600783666667,0.00191463422674,0.563237,0.000559650486167
291,0.600673,0.00192125167534,0.563030333333,0.00054319875634
292,0.600522333333,0.00188428807658,0.562766333333,0.000593837987633
293,0.600405333333,0.00190228885527,0.562571,0.00056491474283
294,0.600287666667,0.00190856182038,0.562367,0.00057067854349
295,0.600175666667,0.00190141216527,0.562141666667,0.000567065154007
296,0.600058,0.00190469122607,0.561945,0.000549149038665
297,0.599926333333,0.00187544578404,0.561731,0.000569547773823
298,0.599808,0.00187830402225,0.561507666667,0.000574978453703
299,0.599691666667,0.0018690536524,0.56127,0.000610175384623
300,0.599572666667,0.00187028631201,0.561076333333,0.000603519860669
301,0.599459,0.00190055640976,0.560848333333,0.000566478203955
302,0.599352666667,0.00190157151383,0.560635333333,0.000552347917731
303,0.599220333333,0.00188696040116,0.560429333333,0.000566995786776
304,0.599078666667,0.00187901859727,0.560194666667,0.000566724114735
305,0.598988666667,0.00188654540246,0.560025333333,0.000557757613624
306,0.598890666667,0.00188475450803,0.559852333333,0.000537763475476
307,0.598777666667,0.00186523891827,0.559643333333,0.000551764643868
308,0.598657333333,0.00189055641427,0.559393,0.000527060401346
309,0.598564666667,0.00190709732899,0.559196666667,0.000469134190705
310,0.598448666667,0.00190482830956,0.558987,0.000453235038363
311,0.598367666667,0.00191814708045,0.558834333333,0.0004379873159
312,0.598272,0.00192012985672,0.558645333333,0.000442400522403
313,0.598178333333,0.00190832078598,0.558444,0.000425754232706
314,0.598065,0.00193064082625,0.558240666667,0.000394622463741
315,0.597960666667,0.00191411604199,0.558042,0.000388352932267
316,0.597866333333,0.00191777898159,0.557833666667,0.000397792519901
317,0.597757,0.00194436433486,0.557629,0.000385826385827
318,0.597671333333,0.00194266043239,0.557438333333,0.000375224673437
319,0.597566333333,0.00193214118417,0.557192333333,0.000396048257441
320,0.597461,0.00192331709987,0.556951666667,0.000408893085727
321,0.597365,0.00190708835663,0.556786666667,0.000425857827084
322,0.597265666667,0.00190883390815,0.556586333333,0.000421731615551
323,0.597185666667,0.00190687271614,0.556415,0.000430296022137
324,0.597093,0.00190452321243,0.556220333333,0.000421149485206
325,0.597013,0.0019152197437,0.556048666667,0.000428692067677
326,0.596925333333,0.00193219673486,0.555865,0.000392434283246
327,0.596803,0.00194524857023,0.555600666667,0.000385927742229
328,0.596726666667,0.00194742177136,0.555439333333,0.000393623621694
329,0.596653333333,0.00196135740978,0.555255666667,0.000367753842793
330,0.596564,0.00195741257787,0.555075666667,0.000359041625566
331,0.596478666667,0.00194517271441,0.554921,0.00036128197667
332,0.596372666667,0.00194116963596,0.554715666667,0.000345316601911
333,0.596263666667,0.00193897590381,0.554488333333,0.000328025744247
334,0.596144666667,0.00193035011217,0.554256666667,0.000345176605361
335,0.596047666667,0.00194932335839,0.554072333333,0.000335434378414
336,0.595949666667,0.00196737597378,0.553859,0.000290325105126
337,0.595875,0.00196489914924,0.553677,0.000291461832836
338,0.595772666667,0.00196041514878,0.553499,0.000275945646822
339,0.595683,0.00195468718725,0.553337333333,0.000270518432315
340,0.595584666667,0.0019430996429,0.55313,0.000291242167277
341,0.595498666667,0.00194961471977,0.55296,0.000298258277337
342,0.595433,0.00194123689092,0.552808666667,0.000296316647449
343,0.595333333333,0.00191615749759,0.552618666667,0.00035247726483
344,0.595252666667,0.00190902633705,0.55246,0.000372089594945
345,0.595167666667,0.00191527027394,0.552283666667,0.000343230081562
346,0.595064,0.00190716875674,0.552081333333,0.000359288494419
347,0.594985,0.00191219472509,0.551920666667,0.000344099145919
348,0.594903666667,0.00191725573556,0.551760666667,0.000307445749505
349,0.594817333333,0.00191709873391,0.551565666667,0.000281782816289
350,0.594725333333,0.00190099804197,0.551397,0.000323556280524
351,0.59465,0.00190613815519,0.55125,0.000312729915422
352,0.594554,0.00192134397406,0.551046666667,0.000318595180266
353,0.594472666667,0.0019311454862,0.550846666667,0.000323324742154
354,0.594401333333,0.00194014369456,0.550681333333,0.000318565883645
355,0.594319,0.00194367744238,0.550482,0.00028358537809
356,0.594228666667,0.00194268891545,0.550307666667,0.000265310300508
357,0.594150333333,0.0019266070925,0.550126,0.0002592964841
358,0.594056,0.00191292150039,0.549907,0.000254496889306
359,0.593961666667,0.00192537482642,0.549728666667,0.000234529789626
360,0.593868,0.00193511618945,0.549537333333,0.000259029384862
361,0.593796333333,0.00195750629345,0.549374333333,0.000248609913095
362,0.593719666667,0.00195821863494,0.549229,0.0002467225162
363,0.593653,0.00195742756358,0.549074,0.000241284064952
364,0.593564666667,0.00193881687864,0.548881,0.000248878819241
365,0.593494,0.00193781801691,0.548729333333,0.000229463625779
366,0.593422333333,0.00190977421586,0.548548666667,0.000239655771658
367,0.593329333333,0.00189909054257,0.548345333333,0.000265046327187
368,0.593235,0.00188050844188,0.548147333333,0.00031216697811
369,0.593175666667,0.00187896786088,0.548000333333,0.000317558743472
370,0.593119,0.0018742123679,0.547881,0.000340002941164
371,0.593037666667,0.00185779911604,0.547700333333,0.000338581682251
372,0.592965,0.00184646382761,0.547535333333,0.000353440549771
373,0.592877333333,0.00183348126676,0.547366666667,0.000414408279626
374,0.592802333333,0.00180714034381,0.547189666667,0.000411065553031
375,0.592742,0.0018030581429,0.547045666667,0.000422350828367
376,0.592654,0.00180685048265,0.546862333333,0.000403085874501
377,0.592584333333,0.00179890269022,0.546712,0.000394002538063
378,0.592525666667,0.00179232666913,0.546570333333,0.000399821904797
379,0.592442333333,0.00178854136721,0.546399,0.000413378760944
380,0.592384333333,0.00179770025928,0.546265666667,0.000418678343786
381,0.592318333333,0.00179891788461,0.546083666667,0.00039309145105
382,0.592256666667,0.00180591552651,0.545930333333,0.000408657422408
383,0.592175333333,0.00180132216873,0.545759333333,0.000438334980985
384,0.592097666667,0.00176838953728,0.545602333333,0.00045234008838
385,0.592038666667,0.00175814150612,0.545452333333,0.000464944680102
386,0.591949333333,0.00176842535105,0.545302,0.000460352763288
387,0.591889,0.00175099000568,0.545128333333,0.000449999506173
388,0.591805666667,0.00173769393802,0.544918666667,0.000449373143637
389,0.591749333333,0.00173251673072,0.544772333333,0.000470965202772
390,0.591662333333,0.00173975713503,0.544558666667,0.000458413447544
391,0.591595,0.00175228555512,0.544416,0.00044118552409
392,0.591526,0.00177029168971,0.544249,0.000425067837723
393,0.591481333333,0.00177305862534,0.544122666667,0.000444709143399
394,0.591410666667,0.00179458896563,0.543951333333,0.000431077976963
395,0.591341666667,0.00180930011023,0.543795333333,0.000418930649259
396,0.591253666667,0.0018121692955,0.543619333333,0.000394148308241
397,0.591185,0.00182075936539,0.543442333333,0.00039621739263
398,0.591106,0.00180405099706,0.543257666667,0.000417121351914
399,0.591043666667,0.00180752912993,0.543103333333,0.000440288037034
400,0.590981,0.00180248217744,0.542972666667,0.000423970386807
401,0.590927666667,0.001815188573,0.542820666667,0.000405924733034
402,0.590890666667,0.00182255065468,0.54269,0.00037912091299
403,0.590835333333,0.00182951584367,0.542556,0.000365309001623
404,0.590767333333,0.00183782486168,0.542411666667,0.000339020484468
405,0.590711333333,0.00183356289472,0.542266333333,0.000330244690427
406,0.590646666667,0.00182394413901,0.542102333333,0.000324300614999
407,0.590591666667,0.00180183394228,0.541938666667,0.000351251413599
408,0.590559666667,0.00180224125898,0.54182,0.000348072789322
409,0.590497,0.00180236807192,0.541686666667,0.000344325750159
410,0.590441666667,0.00181314760078,0.54154,0.000339705755029
411,0.590388,0.00180979575275,0.541402333333,0.000289999233715
412,0.590317333333,0.00182740714918,0.541280333333,0.000296402129247
413,0.590236666667,0.00181443036669,0.541104333333,0.000308607985783
414,0.590166666667,0.00182067502744,0.540953666667,0.000322217662803
415,0.590104333333,0.00182418170391,0.540781,0.000273065315752
416,0.590037,0.00182768122676,0.540639666667,0.00028032877523
417,0.589948333333,0.0018188377852,0.540458,0.000279309863771
418,0.589902666667,0.00180986819655,0.540317666667,0.000287791977342
419,0.589852333333,0.00180149277607,0.540155666667,0.000301222324685
420,0.589790333333,0.00179765872425,0.539995333333,0.000287769969864
421,0.589758666667,0.00179092272927,0.539867666667,0.000286347496739
422,0.589698666667,0.0017839204641,0.539708333333,0.000305048994243
423,0.589624333333,0.00177124632831,0.539542666667,0.00029887492739
424,0.58957,0.00175059209031,0.539361333333,0.000337026540333
425,0.589517666667,0.00175086594448,0.539208666667,0.000337943124735
426,0.589475,0.00175051363891,0.539069,0.000343459847241
427,0.589415333333,0.00173758766366,0.538921,0.000343872069235
428,0.589357333333,0.0017280326643,0.538791333333,0.000317962611359
429,0.589305666667,0.0017162960765,0.538649666667,0.000316712628243
430,0.589251,0.00171011481096,0.538516666667,0.000347300382314
431,0.589194666667,0.00169385759601,0.538355666667,0.000359637162831
432,0.589143333333,0.00168366511582,0.538214,0.000334014969724
433,0.589096666667,0.0016861182903,0.53805,0.000344425124906
434,0.589049,0.00168565002299,0.537924333333,0.00032882146456
435,0.588979666667,0.00169106954979,0.537770333333,0.0003303980764
436,0.588938,0.00167777769684,0.537672666667,0.000343874331051
437,0.588890333333,0.00168302591252,0.537530333333,0.000358010552296
438,0.588844333333,0.00168665059281,0.537406,0.000351366854821
439,0.588797333333,0.00169441835317,0.537253333333,0.000347812529325
440,0.588750333333,0.00169883927694,0.537133666667,0.000368476442787
441,0.58871,0.00169685493389,0.537024333333,0.000370874042709
442,0.588663,0.00171163216453,0.536876666667,0.000348905272085
443,0.588603666667,0.00172592976553,0.536707,0.000338113393208
444,0.588560666667,0.00174176545174,0.536577333333,0.000338526545816
445,0.588504666667,0.00173080103485,0.536422333333,0.000334434182198
446,0.588470666667,0.00172294444355,0.536280666667,0.000345095477932
447,0.588424666667,0.00172636039755,0.536158333333,0.000301640330342
448,0.588366333333,0.00173651957151,0.536033333333,0.00029098949962
449,0.588324666667,0.00174705930701,0.535895666667,0.000279758626121
450,0.588262,0.00174687225253,0.535735333333,0.000285417043795
451,0.588213,0.00173027531528,0.535574666667,0.000303070215553
452,0.588151333333,0.0017305171353,0.535444666667,0.000306011256147
453,0.588113,0.00171756358446,0.535336666667,0.000296257020545
454,0.588063,0.00171647079789,0.535196666667,0.000301995952879
455,0.588013333333,0.00170594340143,0.535086333333,0.000327675991729
456,0.587950666667,0.00171624286031,0.534932666667,0.00033269839528
457,0.587913,0.00170479695761,0.53479,0.000369876555984
458,0.587878333333,0.00171373516689,0.534661333333,0.000377582073492
459,0.587837333333,0.00173469696361,0.534527333333,0.000372209021325
460,0.587797,0.00173780340277,0.534388333333,0.000362407995987
461,0.587759,0.00173525694543,0.534266,0.000376038118635
462,0.587726,0.00172950628793,0.534132666667,0.000392763146042
463,0.587679333333,0.00173724404989,0.534007,0.000377630330703
464,0.587632,0.00173045889867,0.533857333333,0.000398049689807
465,0.587588,0.00173664868833,0.533729333333,0.000380964856939
466,0.587547,0.00172339916057,0.533597333333,0.0003592662275
467,0.587496,0.00171626396571,0.533436666667,0.000358525064985
468,0.587432333333,0.00171958412285,0.53327,0.000350614698304
469,0.587373333333,0.00171873331911,0.533148,0.000356172242976
470,0.587295333333,0.00173851168788,0.532975333333,0.00032734928678
471,0.587242,0.00172207374987,0.532853,0.000356558550592
472,0.587208,0.0017241672386,0.532703,0.000338612856618
473,0.587162333333,0.00172655540182,0.532582,0.000321876788021
474,0.587107666667,0.00173949845901,0.532439333333,0.000299138020913
475,0.587063,0.00174829650422,0.532317333333,0.000282283939009
476,0.587015,0.00174466577506,0.532195,0.000274477685796
477,0.586960666667,0.00174055553073,0.532079,0.00028295936104
478,0.586919,0.00175556657521,0.531961333333,0.000287063678572
479,0.586883333333,0.00174725486279,0.531842,0.00030339523178
480,0.586825,0.00174619071123,0.531717666667,0.000296684269141
481,0.586771,0.001743017116,0.531582666667,0.000323849073215
482,0.586731333333,0.0017381709416,0.531466,0.000331734833866
483,0.586686333333,0.00173725844044,0.531312,0.000322863232138
484,0.586643666667,0.00173379916817,0.531192333333,0.000336862319386
485,0.58661,0.00172325525291,0.531056,0.000352000946968
486,0.586561666667,0.00173301785591,0.530917333333,0.000332289365196
487,0.586515666667,0.00172464998059,0.530775,0.000338568555342
488,0.586484666667,0.00173006383954,0.53065,0.0003220383
489,0.586438,0.00174167524719,0.530492,0.000298450442564
490,0.586381666667,0.00173947738001,0.530331666667,0.00029108112653
491,0.586332333333,0.00173444214535,0.530175666667,0.000292793822036
492,0.586290666667,0.00175064908597,0.530027333333,0.000318522980158
493,0.586237666667,0.00174040806198,0.529897666667,0.000346411444512
494,0.586209333333,0.00174350687473,0.529789333333,0.000343058142141
495,0.586165666667,0.00175136752917,0.529686,0.000325042561316
496,0.586117333333,0.00174396202813,0.529566,0.000327227749435
497,0.586084666667,0.00174023318999,0.529442333333,0.000336397912531
498,0.586040666667,0.00173143800223,0.529317666667,0.00032536065459
499,0.585984,0.00172543868818,0.529169666667,0.000325233591268
500,0.585940333333,0.00171832580018,0.529037666667,0.000316061527062
501,0.585885333333,0.00170027376881,0.528885666667,0.000324058979543
502,0.58584,0.00169349953253,0.528744333333,0.000306605428668
503,0.585800666667,0.00171817816952,0.528615666667,0.000274504806677
504,0.585757666667,0.00172156563111,0.528489333333,0.000292985020474
505,0.585725,0.00171832243773,0.528374,0.00028527881099
506,0.58568,0.00171688691144,0.528234,0.000260270372241
507,0.585630666667,0.00171185480952,0.528077666667,0.000270210206239
508,0.585590666667,0.00172897702575,0.527951,0.000260871615934
509,0.585550666667,0.00172237536237,0.527833666667,0.000257725090401
510,0.585495,0.00171323028224,0.527689,0.000282298895971
511,0.585443666667,0.00171835004842,0.527555,0.000237425075901
512,0.585387,0.00172250573294,0.527434,0.000245456038155
513,0.585330666667,0.00172312629317,0.527317333333,0.000249614814375
514,0.585278666667,0.00172713642259,0.527168333333,0.000256154033521
515,0.585228,0.0017246636387,0.527030666667,0.000254799703471
516,0.585188,0.00173093674061,0.526914,0.000223720063174
517,0.585149666667,0.00170788159881,0.526801666667,0.00023745081362
518,0.585099,0.00169799901845,0.526656,0.000234829015811
519,0.585069,0.00170675540134,0.526524333333,0.000251608602573
520,0.585027,0.00172011298079,0.526416666667,0.000259255772463
521,0.584997,0.00172625838159,0.526322666667,0.000253346052312
522,0.584966666667,0.0017285759714,0.526210666667,0.000272610018565
523,0.584907666667,0.00171778662496,0.526075,0.000274580892756
524,0.584873,0.00173147701881,0.525961333333,0.000248730554796
525,0.584822666667,0.00174076943396,0.525831,0.000229370152083
526,0.584788666667,0.00173819836485,0.525710666667,0.000236178369505
527,0.584733666667,0.00172672335814,0.525576,0.000262245432118
528,0.584692,0.00171735222557,0.525451,0.000242009641681
529,0.584650666667,0.00172476594225,0.525328,0.000246748184728
530,0.584602,0.00173736889194,0.525226333333,0.000229687226946
531,0.584567666667,0.00173493022594,0.525126333333,0.000232628936769
532,0.584542333333,0.00173944671919,0.525020333333,0.000217372695822
533,0.584497,0.00173358126432,0.524868666667,0.000191559100251
534,0.584445,0.00172655321378,0.524726333333,0.000224768522905
535,0.584415,0.00172641304444,0.5246,0.000223088920986
536,0.584377,0.00172988496727,0.524478666667,0.000222297598328
537,0.584349333333,0.00174200599565,0.524366,0.000208686367547
538,0.584311666667,0.00172903717587,0.524256,0.000213940801781
539,0.584266333333,0.00173651035765,0.524160666667,0.000204132854343
540,0.584232333333,0.00172573121378,0.524057333333,0.000218920584282
541,0.584199666667,0.00173035956443,0.523948333333,0.000232336441873
542,0.584151,0.00173624959803,0.523837666667,0.000231076226
543,0.584128333333,0.00173933403603,0.523726666667,0.000219265947095
544,0.584100666667,0.00173867791407,0.523598333333,0.000238844905512
545,0.584062333333,0.00174095171929,0.523475333333,0.00023474288535
546,0.584037333333,0.00174645819367,0.523362,0.000212726741776
547,0.583996333333,0.001746734159,0.523216,0.000179957402367
548,0.583964666667,0.00175177820768,0.523109666667,0.000169725922855
549,0.583930333333,0.00175391226184,0.522982666667,0.000186612492139
550,0.583886,0.00175363451152,0.522858666667,0.00017392974316
551,0.583858,0.00174997276169,0.522745333333,0.000173436507755
552,0.583825666667,0.0017576503887,0.522653333333,0.000165990628919
553,0.583792666667,0.0017602265637,0.52254,0.000179651514513
554,0.583761,0.0017524053945,0.522429666667,0.000185105975652
555,0.583734666667,0.00174857357739,0.522331,0.000189847307065
556,0.583706333333,0.0017419759534,0.522217,0.000166138496442
557,0.583653,0.00174775055428,0.522079333333,0.000157014507468
558,0.583617666667,0.00175035888384,0.521965666667,0.000156077616019
559,0.583587666667,0.00174051052536,0.521853,0.000170659505058
560,0.583553666667,0.00173274990181,0.52175,0.000167214433189
561,0.583513666667,0.00172487996362,0.521610666667,0.00015415216148
562,0.583473333333,0.00172531085766,0.521466666667,0.000156923194235
563,0.583435333333,0.00172316169358,0.521339,0.000152002192967
564,0.583407,0.00172793190452,0.521217666667,0.000137550798697
565,0.583382333333,0.00172866988044,0.521111666667,0.00015714395382
566,0.583358,0.00174490477295,0.520986666667,0.000123570043115
567,0.583320333333,0.00173246612922,0.520876666667,0.000130527987633
568,0.583279666667,0.00171709916882,0.520742,0.000152623720306
569,0.58326,0.00172043095376,0.520652333333,0.00016700565526
570,0.583224,0.00172017925423,0.52055,0.000169176436499
571,0.583175333333,0.00171913628184,0.520440333333,0.000171025014415
572,0.583145,0.0017105069424,0.520307666667,0.000200548137751
573,0.583103333333,0.00171037624191,0.520179666667,0.000185508909639
574,0.583070333333,0.00171776799623,0.520068,0.000190443342406
575,0.583054666667,0.00171796048331,0.519937666667,0.00019152081407
576,0.583028,0.00172181841861,0.519849333333,0.000173966152519
577,0.582989666667,0.00171879421559,0.519720333333,0.000158728979361
578,0.582970333333,0.00172534833842,0.519622333333,0.000155521345445
579,0.582943,0.00172608014491,0.519510333333,0.000169686639296
580,0.582920666667,0.00171554351608,0.519421666667,0.000190742991716
581,0.582893666667,0.00171758169788,0.519322333333,0.000164057577969
582,0.582849333333,0.00172390435414,0.519187333333,0.000154661637849
583,0.582818666667,0.00172367385417,0.519105666667,0.00016540119575
584,0.582798333333,0.00174235938377,0.518997,0.000152737247149
585,0.582763,0.00174194450734,0.518880666667,0.000174019794532
586,0.582734333333,0.0017371682577,0.518778,0.000181495638148
587,0.582694,0.00173578589309,0.518648,0.00017890966063
588,0.582664666667,0.00173558757262,0.518529333333,0.000170896329848
589,0.582620333333,0.00173813718932,0.518396666667,0.000187796580255
590,0.582589666667,0.00172793312628,0.518304,0.000201216301526
591,0.582561,0.00173500739672,0.518188666667,0.00019359120733
592,0.582540333333,0.00174015178137,0.518101333333,0.000187720241021
593,0.582510666667,0.00173899977637,0.517998333333,0.000165916310899
594,0.582464666667,0.0017475968897,0.517895666667,0.000151596687152
595,0.582431666667,0.0017344742399,0.51775,0.000153299271579
596,0.582403,0.00173400480584,0.517618,0.000149828791181
597,0.582372,0.00174493858536,0.517473,0.000154183872914
598,0.582335666667,0.00176457309914,0.517372666667,0.000125603432366
599,0.582318666667,0.00177634950265,0.517291333333,0.000130665816324
600,0.582298666667,0.00176949434083,0.517193666667,0.000141892760758
601,0.582275666667,0.00177732183042,0.517089,0.00012329098372
602,0.582231666667,0.00179110567962,0.516952,0.00012585971026
603,0.582185333333,0.00177339605152,0.516806666667,0.000119895324717
604,0.582169,0.00177702691782,0.5167,0.000120036105679
605,0.582135,0.00176795380784,0.516581333333,0.000123343242845
606,0.582088666667,0.00175654971148,0.516446333333,0.000115592195046
607,0.582067,0.00176930344109,0.516336666667,9.68377795881e-05
608,0.582031,0.0017606489334,0.516232,0.000128688253802
609,0.581982,0.00175641984351,0.516120333333,0.000136238353223
610,0.581961666667,0.00175105631612,0.515992666667,0.000145977928316
611,0.58193,0.00175342997199,0.515851666667,0.000152866681204
612,0.581907333333,0.00174643433569,0.515742333333,0.000153723416853
613,0.581883,0.00174869227329,0.51564,0.000137355985187
614,0.581864666667,0.00175065498854,0.515527666667,0.000127149081353
615,0.581842333333,0.00176267832825,0.515426333333,0.000128572504405
616,0.581819333333,0.00176696620102,0.515306333333,0.000134863717219
617,0.581796666667,0.00176204849221,0.515209333333,0.000131798668009
618,0.581777666667,0.00174508955517,0.515097,0.000135368632506
619,0.581748333333,0.00174474187839,0.514983666667,0.000159520810206
620,0.581725666667,0.00174366555152,0.514894,0.000146050219673
621,0.581695,0.00174519760104,0.514793666667,0.000133447451164
622,0.581654666667,0.00175315664509,0.514678333333,0.000125404235264
623,0.581637333333,0.0017473985108,0.514580333333,9.78241051866e-05
624,0.581604,0.00173800824701,0.514476333333,9.43692511126e-05
625,0.581589,0.00174045415529,0.514371,9.48402165047e-05
626,0.581561,0.00174868197985,0.514287,9.4247900065e-05
627,0.581503333333,0.00175028861112,0.514145,8.77990129026e-05
628,0.581483333333,0.00175644609621,0.514061666667,8.8477241267e-05
629,0.581447,0.0017496679685,0.513950666667,9.24529910579e-05
630,0.581409333333,0.00174654102602,0.513831333333,9.97374330708e-05
631,0.581390333333,0.00173966324966,0.513734666667,8.47125859729e-05
632,0.581357666667,0.00173672514297,0.513623666667,4.9888765157e-05
633,0.581342333333,0.0017359449556,0.513497333333,4.06147209218e-05
634,0.581323333333,0.00172820066993,0.513396666667,3.72767428238e-05
635,0.581289666667,0.00171412491442,0.513290333333,3.22628096868e-05
636,0.581261666667,0.00171913473068,0.513193666667,5.47864541247e-05
637,0.581221333333,0.00171789121373,0.513106666667,6.78101926131e-05
638,0.581193666667,0.00170493877375,0.512992333333,7.10367666932e-05
639,0.581162666667,0.00170393198873,0.512901,5.69619756212e-05
640,0.581142,0.0016933991457,0.512822666667,5.43098108591e-05
641,0.581126666667,0.00168624283212,0.512711666667,3.28261413443e-05
642,0.581103,0.00167939989282,0.512612666667,5.25758711029e-05
643,0.581087333333,0.0016608279729,0.512499,7.32984765644e-05
644,0.581050333333,0.00166577316049,0.512387666667,7.79757797154e-05
645,0.581020333333,0.00167087967517,0.5123,8.24782799691e-05
646,0.580980666667,0.0016792086099,0.512186,7.92127935795e-05
647,0.580965,0.00167620782323,0.5121,8.14902857196e-05
648,0.580942,0.00167739162591,0.512006666667,8.13401636476e-05
649,0.580922,0.00167650608906,0.511916666667,8.61058779772e-05
650,0.580899,0.00168362287939,0.511810666667,6.63643143732e-05
651,0.580847,0.00168889569443,0.511690666667,6.46288549248e-05
652,0.580817666667,0.00168104299634,0.511601,5.81262992687e-05
653,0.580805,0.00166981376207,0.511511,6.71863081289e-05
654,0.580769333333,0.00166208329782,0.511386666667,6.01405760605e-05
655,0.580747333333,0.00165789230316,0.511278,6.0701455227e-05
656,0.580729666667,0.00164516186303,0.51117,5.61960852729e-05
657,0.580702333333,0.00164243606336,0.511071333333,5.35433365498e-05
658,0.580673333333,0.00163954573654,0.510978333333,5.71858568374e-05
659,0.580642666667,0.00163589757897,0.510867333333,5.19058977595e-05
660,0.580604,0.00162574434234,0.510759333333,5.25505048078e-05
661,0.580588333333,0.00163651058319,0.510638333333,4.8472214263e-05
662,0.580563333333,0.00163695028093,0.510551666667,6.03563492011e-05
663,0.580529666667,0.00163823611105,0.510431333333,4.63129451545e-05
664,0.580510333333,0.00162410392388,0.510326,6.46889995801e-05
665,0.580483,0.00163315828994,0.510204,6.37024332345e-05
666,0.580462333333,0.0016326553695,0.510100333333,5.65763986914e-05
667,0.580442,0.00162924297349,0.510014,6.08111831821e-05
668,0.580420666667,0.00161990870799,0.509931333333,7.40015014863e-05
669,0.580386666667,0.0016238826586,0.509792,7.43146463805e-05
670,0.580363333333,0.00163060404622,0.509668,6.86197250553e-05
671,0.580316666667,0.00162513780612,0.509552666667,8.51286607958e-05
672,0.580302,0.00162211857355,0.50942,4.58911756223e-05
673,0.580267666667,0.0016265776615,0.509293666667,6.46855642491e-05
674,0.580247,0.00162764267168,0.509202,8.40476055578e-05
675,0.580212,0.00161666508591,0.509096666667,8.52499592701e-05
676,0.58019,0.00161402850037,0.508995333333,0.000104311499313
677,0.580161333333,0.00161422888367,0.50891,9.87960862922e-05
678,0.580147,0.00161780674577,0.508813,0.000112098171261
679,0.580125666667,0.00161925215935,0.50872,9.37656653578e-05
680,0.580110333333,0.00161846312559,0.508619,8.74680894193e-05
681,0.580091333333,0.00160886550781,0.508528,8.76013698523e-05
682,0.580066333333,0.00162799638274,0.508445666667,6.0079576859e-05
683,0.580045,0.00163005909913,0.508345666667,7.98429013056e-05
684,0.580030333333,0.00163578509863,0.508233666667,7.09945224804e-05
685,0.579997333333,0.00164976166629,0.50814,5.85320425066e-05
686,0.579976,0.00164266693723,0.508019666667,4.16119640915e-05
687,0.579961,0.00164091011332,0.507926333333,4.74013595679e-05
688,0.579936,0.00163837541485,0.507826333333,2.92384830128e-05
689,0.579914333333,0.00163419793443,0.507697666667,3.92031744746e-05
690,0.579889333333,0.00161785090647,0.507598333333,5.09531375111e-05
691,0.579874,0.00160300051986,0.507498666667,6.42201076161e-05
692,0.579852333333,0.00159418052791,0.507394333333,5.68291787338e-05
693,0.57982,0.00156929941906,0.507280666667,7.1443839638e-05
694,0.579804333333,0.00158002243303,0.507182333333,7.47633302867e-05
695,0.579789,0.00156910229112,0.507064666667,5.59543464701e-05
696,0.579766666667,0.00157232107267,0.506944333333,6.82023134179e-05
697,0.579750333333,0.00157212071914,0.506846666667,6.66649999792e-05
698,0.579718,0.00156433308474,0.506718666667,8.72442293539e-05
699,0.579706333333,0.00154881574831,0.506631333333,7.40285230315e-05
700,0.57967,0.00154930586608,0.506539333333,6.80016339673e-05
701,0.579650666667,0.00154487913947,0.506464666667,6.24037035938e-05
702,0.579623666667,0.00154278759249,0.506371666667,4.27421207813e-05
703,0.579608,0.00154420033243,0.506276666667,3.76769897359e-05
704,0.579593666667,0.00154125151167,0.506192666667,6.24304056975e-05
705,0.579563333333,0.00154453926967,0.506114,6.29338276817e-05
706,0.579529333333,0.00154095864823,0.505989666667,8.10980202526e-05
707,0.579507666667,0.00153597142624,0.505896333333,6.53520381387e-05
708,0.579489666667,0.00153903440146,0.505807,3.61754981537e-05
709,0.579462333333,0.00153226245213,0.505688333333,2.87672653472e-05
710,0.579448,0.00154023656192,0.505578,3.88844441905e-05
711,0.579398,0.00155939753324,0.505455666667,2.16692306175e-05
712,0.579373333333,0.00156003938697,0.505344666667,2.18225164044e-05
713,0.579358666667,0.00156480122983,0.505255666667,2.70102861065e-05
714,0.579331,0.00158567356876,0.505140333333,2.78607649253e-05
715,0.579313333333,0.00157247879336,0.505014333333,4.71687278702e-05
716,0.579297666667,0.00157337860104,0.504939666667,4.64566703738e-05
717,0.579274,0.0015754633181,0.504833,3.98246155035e-05
718,0.579260333333,0.00157928450748,0.504758333333,3.66090456338e-05
719,0.579237,0.00156982185826,0.504656,4.45046814017e-05
720,0.579216333333,0.00156937191966,0.504544666667,4.09579730401e-05
721,0.579196,0.00158679320224,0.504456,3.59536738966e-05
722,0.57917,0.00159862711933,0.504378333333,3.70255167268e-05
723,0.579137666667,0.00159232583209,0.504247,3.20728337798e-05
724,0.579114666667,0.00157260004098,0.504150666667,4.95670141212e-05
725,0.579091666667,0.00157795782228,0.504050333333,5.41376845542e-05
726,0.579078666667,0.00157017288503,0.503945333333,4.90736408087e-05
727,0.579058333333,0.00156282699689,0.503842,7.08801805866e-05
728,0.579045,0.00156461454252,0.503745333333,7.38346501011e-05
729,0.579017,0.00156356664926,0.503629333333,8.53867020612e-05
730,0.578993,0.0015504388626,0.503516333333,5.77138535266e-05
731,0.578975333333,0.00155057200915,0.503421,4.85866922795e-05
732,0.578954,0.00155406456322,0.503318,5.06162029394e-05
733,0.578935666667,0.00155521516911,0.503217,4.86415460281e-05
734,0.578912666667,0.00156199793712,0.503100333333,6.11519055759e-05
735,0.578894333333,0.0015450152822,0.502993,3.99082280572e-05
736,0.578872333333,0.00155607590503,0.502879666667,3.3865748019e-05
737,0.578866333333,0.00154911896107,0.502789333333,2.22910046631e-05
738,0.57884,0.00154284434298,0.502678666667,1.50849446653e-05
739,0.578831666667,0.00154214792488,0.502555,4.63105459552e-05
740,0.578800666667,0.00153720467805,0.502462666667,4.47312965259e-05
741,0.578781,0.00153205765775,0.502357,2.40554914036e-05
742,0.578765333333,0.00153023621996,0.502263333333,4.1023028763e-05
743,0.578737333333,0.00154287185325,0.502175666667,6.40746092892e-05
744,0.578713666667,0.00154055408503,0.502098,6.92290882987e-05
745,0.578699333333,0.00153115214427,0.502008,8.35703296631e-05
746,0.578674333333,0.00152698271838,0.501917,9.1261528952e-05
747,0.578665,0.00152299244909,0.501838,7.86044952065e-05
748,0.578634666667,0.00149911581348,0.501712666667,6.03894766403e-05
749,0.578612,0.0014965005847,0.501623,6.00721788074e-05
750,0.578599333333,0.00150043823228,0.501542,7.48376019569e-05
751,0.578582,0.00151360320648,0.501426333333,6.00684794399e-05
752,0.578559,0.00151735823061,0.501349333333,5.5775343019e-05
753,0.578557666667,0.00152044956802,0.501259333333,7.49058668522e-05
754,0.578546666667,0.00152461587148,0.501154,7.81280999385e-05
755,0.578512,0.00152533690268,0.501043333333,8.64574397544e-05
756,0.578477666667,0.0015350019182,0.500941,9.53449876327e-05
757,0.578443333333,0.00155071796992,0.500846333333,0.000103138526049
758,0.578427,0.00154712055122,0.500738666667,9.43692511126e-05
759,0.578403333333,0.00153908573149,0.500624333333,8.51873751732e-05
760,0.578389333333,0.00153937786856,0.500533,7.57495874576e-05
761,0.578367,0.0015389580891,0.500419666667,9.41429173592e-05
762,0.578342333333,0.00152698271838,0.50031,9.48999473129e-05
763,0.578313,0.0015332360114,0.500189333333,0.000110348941494
764,0.578288,0.00155210201555,0.500105,0.00012884357441
765,0.578257,0.0015656289471,0.500005333333,0.000151941509214
766,0.578218333333,0.00156019258071,0.499895,0.000151263566885
767,0.578190666667,0.0015631669421,0.499788666667,0.000158972394529
768,0.578172333333,0.00156358270932,0.499706,0.000170090172164
769,0.578135,0.00156728895443,0.499595333333,0.000189246458942
770,0.578093666667,0.00155602963411,0.499485,0.000178684078754
771,0.57807,0.00155084299657,0.499384333333,0.000154821043646
772,0.578063333333,0.00155330965647,0.499303333333,0.000156768052301
773,0.578050333333,0.00155056126039,0.499206333333,0.000171822259585
774,0.578027333333,0.00155629010435,0.499093,0.000187351719145
775,0.578005666667,0.00156385215272,0.498985,0.00018562866158
776,0.57799,0.00155917691962,0.498898,0.000183135650999
777,0.57798,0.00156732915071,0.498771666667,0.000175706826529
778,0.577957,0.00155832367198,0.498691,0.000175552461295
779,0.577926333333,0.00155574298077,0.498578666667,0.000169474350731
780,0.577918666667,0.00155984066138,0.498501,0.000156040593009
781,0.577907333333,0.00157085249325,0.498426333333,0.000173232663074
782,0.577895666667,0.00156275447706,0.498327,0.0001692473535
783,0.577863,0.00154306448342,0.498222666667,0.000177998751556
784,0.577841,0.00153528129887,0.498136666667,0.000166006693305
785,0.577816333333,0.00155524924762,0.498048,0.000174659669071
786,0.577792333333,0.00154963056529,0.497945333333,0.000191924174842
787,0.577766333333,0.00155418367283,0.497846666667,0.000205728515822
788,0.57775,0.00155008451382,0.49775,0.00020705715797
789,0.577729333333,0.00154830925708,0.497651666667,0.000204916785279
790,0.577715333333,0.00154135921259,0.497564666667,0.000202254515126
791,0.577709,0.00153795448567,0.497471666667,0.000203729122993
792,0.577697,0.00154445740202,0.497374666667,0.000193635970029
793,0.577683666667,0.00154449761699,0.497295,0.00019481957465
794,0.577665,0.00153781208215,0.497205333333,0.000205851618621
795,0.577655333333,0.00153137766588,0.497125333333,0.00020122513649
796,0.577638666667,0.00152606429164,0.497021666667,0.000189663444612
797,0.577625333333,0.00153622596717,0.496942,0.000198198553644
798,0.577604666667,0.00153631774781,0.496838333333,0.000196776240662
799,0.577586666667,0.00153691668248,0.496762333333,0.000189473539636
800,0.577582333333,0.00153748329711,0.496677666667,0.000164240338799
801,0.577565333333,0.00151513923086,0.496598666667,0.000161547378671
802,0.577542666667,0.00153635267942,0.496509333333,0.000177621945591
803,0.577535666667,0.00153138985529,0.496408333333,0.000197356417569
804,0.577530333333,0.00153235860323,0.496287666667,0.000196615247515
805,0.577521666667,0.00153334152172,0.496180333333,0.000196065181905
806,0.577506666667,0.00153849327446,0.496073,0.000200633995125
807,0.577495333333,0.00154203790125,0.495995,0.000196285506342
808,0.577481666667,0.00154189933379,0.495909333333,0.000185589750675
809,0.577465,0.00152520840106,0.495813,0.000176750294672
810,0.57744,0.00150283886916,0.495698333333,0.000166261507538
811,0.577436666667,0.00150043667718,0.495618,0.000164468842034
812,0.577421666667,0.00150076476801,0.495534666667,0.000180492536011
813,0.577410666667,0.0015018942114,0.495437333333,0.000169393690031
814,0.577404,0.00150316931847,0.495356333333,0.00016994182011
815,0.577393333333,0.00151150285772,0.495285,0.000144397599241
816,0.577383333333,0.00151012788274,0.495217,0.000148512625726
817,0.577366333333,0.00152623640225,0.495130333333,0.000163585519598
818,0.577357,0.00152863359464,0.49503,0.000141282223463
819,0.577331666667,0.00152615646497,0.494940666667,0.000119892544481
820,0.577320333333,0.00154506382464,0.494836333333,0.000114030210422
821,0.577308666667,0.00153667874182,0.494756,0.000102959538978
822,0.577294,0.00154782514086,0.494674666667,0.000110807139762
823,0.577285,0.00154053648664,0.494587333333,0.000118727512491
824,0.577276666667,0.00154333671706,0.494490666667,0.000106787431637
825,0.577258,0.00154566770901,0.494384,0.000108833205717
826,0.577245,0.00154053691939,0.494263333333,0.000115885959268
827,0.57722,0.00155301770756,0.49417,0.000144962064003
828,0.577198,0.00155034340282,0.494066,0.000161449682564
829,0.577174333333,0.00155262236948,0.493975666667,0.000187190336883
830,0.577163666667,0.00155280098174,0.493887,0.000210676687525
831,0.577151333333,0.00153937916779,0.493803333333,0.000204000544662
832,0.577131666667,0.0015293975575,0.493708,0.000195913246107
833,0.577121333333,0.00152272788844,0.493611666667,0.000210656645331
834,0.577108,0.00152342399438,0.493522666667,0.000215557159215
835,0.577102,0.001552819586,0.493433666667,0.000211591325174
836,0.577088666667,0.00156347355448,0.493357,0.00021626064521
837,0.577075666667,0.00157617624508,0.493241333333,0.000213829111416
838,0.577059666667,0.00158060375244,0.493163666667,0.000194554762356
839,0.577066,0.00157721674689,0.493079666667,0.000205533992863
840,0.577046666667,0.0015723698321,0.492985666667,0.00021148102095
841,0.577028666667,0.00158293531839,0.492883666667,0.000203681668842
842,0.577003333333,0.00158281191414,0.492812333333,0.000218339694564
843,0.576975666667,0.00158567006516,0.492685666667,0.000213576424001
844,0.576971666667,0.00158511541816,0.492588666667,0.000205765778388
845,0.576963333333,0.00158972331625,0.492497,0.000209710912131
846,0.576955666667,0.00158395587761,0.492407333333,0.000207454948255
847,0.576939333333,0.00158381592645,0.492325666667,0.000205582640858
848,0.576925,0.00158837359165,0.492228333333,0.000210360537068
849,0.576902,0.00157214566755,0.492147,0.000184108663566
850,0.576889,0.00156394394614,0.492067666667,0.000173966152519
851,0.576882,0.00156164614003,0.491976,0.000164148306926
852,0.576864666667,0.00155178570972,0.491888,0.00017612117041
853,0.576846666667,0.0015515025692,0.491804333333,0.000183637928786
854,0.576834,0.00156283225801,0.491736333333,0.000189744272348
855,0.57682,0.00155080452239,0.491657666667,0.000197805179126
856,0.576803666667,0.00154914219991,0.491585,0.000198747746318
857,0.576799333333,0.00154510718794,0.491493,0.000200824965248
858,0.576779666667,0.00155248023784,0.491390666667,0.000196391332689
859,0.576762666667,0.00153990266648,0.491312,0.000205768478312
860,0.576741666667,0.00154635082982,0.49121,0.000212232576827
861,0.576720666667,0.00155486426703,0.491117333333,0.000232324963981
862,0.576699,0.00155435409951,0.491031666667,0.000220407703031
863,0.576673666667,0.00154391392967,0.490918333333,0.000223482040044
864,0.576644,0.00153045243855,0.490788666667,0.000206057165747
865,0.576626666667,0.00153726127325,0.490699,0.000226990455012
866,0.576612333333,0.00152598216096,0.490595,0.000220713992911
867,0.576608,0.00152976534148,0.490520666667,0.000224894543188
868,0.576592666667,0.00152671855807,0.490416333333,0.000230781763192
869,0.57658,0.00152859216274,0.490318,0.000222544377597
870,0.576583666667,0.00151932733654,0.490213,0.000192286244958
871,0.576571,0.00152348875939,0.490141666667,0.000208800276713
872,0.576548666667,0.00153229791127,0.490042666667,0.000219291789379
873,0.576540666667,0.00153161055392,0.489978666667,0.000226405732161
874,0.576534666667,0.00152353937337,0.489901666667,0.000227168561988
875,0.576520333333,0.00153142511697,0.489815,0.000244263518903
876,0.576507666667,0.00154303517638,0.489727666667,0.000251947525401
877,0.576488,0.00153008583637,0.489638333333,0.000224820422165
878,0.576471333333,0.00153497803097,0.489556333333,0.000239703057043
879,0.576447666667,0.00152353937337,0.489455666667,0.000226071276862
880,0.576432666667,0.00152890163916,0.489384666667,0.000223441764722
881,0.576410666667,0.00153483774025,0.489286333333,0.00022901867949
882,0.576401666667,0.00153164885735,0.489193333333,0.00022373247914
883,0.576379,0.00151991600645,0.489091666667,0.000212540715054
884,0.576360333333,0.00151972899631,0.488996,0.000210353670438
885,0.576350333333,0.0015145385069,0.488908666667,0.000206775777649
886,0.576332666667,0.00151567462061,0.488811,0.000192713950369
887,0.576304,0.00151849662496,0.488706,0.000210042852771
888,0.576285333333,0.00150615500161,0.488594666667,0.00020564748695
889,0.576279333333,0.00149258753698,0.48848,0.000192843632684
890,0.576271,0.00149170796963,0.488391666667,0.000188342477654
891,0.576256,0.00150524571638,0.488306333333,0.000196482965052
892,0.576240333333,0.00148637194388,0.488195666667,0.000210246416273
893,0.576226333333,0.00147914667592,0.488112,0.000195884319604
894,0.576208666667,0.00146556686037,0.488027333333,0.000180148704007
895,0.576199333333,0.00145904565461,0.487933,0.000188182535499
896,0.576186666667,0.00146304006173,0.487845333333,0.0001984142692
897,0.576178333333,0.0014772768491,0.487767,0.000206418668406
898,0.576170333333,0.00147813493595,0.487684333333,0.000192704148603
899,0.576163666667,0.00148991841686,0.487593333333,0.000198148653513
900,0.576159666667,0.00148254113677,0.487507666667,0.000211534604471
901,0.576150333333,0.00148819921008,0.487435666667,0.000223616238727
902,0.576142333333,0.00149057490773,0.487348666667,0.0002177863377
903,0.576130333333,0.00149447657132,0.487256333333,0.000219606213229
904,0.576114,0.00148330509336,0.487173333333,0.000203111354242
905,0.576097,0.00147300169722,0.487069333333,0.000189589615281
906,0.576082,0.00147355375425,0.486999,0.000209270160319
907,0.576062,0.00147105880236,0.486893,0.00021971496687
908,0.576057,0.00146083149838,0.486814,0.000225836223844
909,0.576045333333,0.00144696932318,0.486731666667,0.000225492547302
910,0.576014666667,0.00143358974451,0.486635,0.000216930096268
911,0.575999333333,0.001444751728,0.486557333333,0.000219638086153
912,0.575990333333,0.00145719738616,0.486475666667,0.000232713462343
913,0.575984666667,0.00146520540843,0.486418333333,0.000229517368019
914,0.575968333333,0.00146475147683,0.486329666667,0.000209101782765
915,0.575961,0.00145804618125,0.486241,0.000215573653307
916,0.575950333333,0.0014689965585,0.486160666667,0.000211536180252
917,0.575947,0.00146873278713,0.486082666667,0.000200566420143
918,0.575948,0.00147381432571,0.486011666667,0.000204698694562
919,0.575934333333,0.00147462183476,0.485922333333,0.000197353039557
920,0.575932,0.00148717114012,0.485851333333,0.000191666956522
921,0.575924666667,0.00148831500549,0.485777,0.000184614914529
922,0.575918666667,0.00148355121995,0.485686333333,0.000204137753055
923,0.575905333333,0.00148716830102,0.485579,0.00020430043237
924,0.575905666667,0.0014885071567,0.485512,0.000200878072472
925,0.575899,0.00149385162137,0.485450333333,0.000202493346941
926,0.575894666667,0.0014929756268,0.485367333333,0.000204941183975
927,0.575895666667,0.00148433426903,0.485284,0.000205179596127
928,0.575881333333,0.00147664401789,0.485199,0.000221869330913
929,0.575869,0.0014651773499,0.485103666667,0.000201660330479
930,0.575844333333,0.00145953744575,0.485006333333,0.000196143371599
931,0.575826333333,0.00146426917683,0.484929,0.000209620291639
932,0.575803333333,0.00146254261097,0.484843666667,0.000201785915157
933,0.575785666667,0.00145809060837,0.484728,0.000195565845689
934,0.575767666667,0.00146352299454,0.484660333333,0.000193620476419
935,0.575764666667,0.00147930757075,0.484574333333,0.000185087967074
936,0.575758333333,0.00148192427457,0.484511,0.000190745904281
937,0.575746666667,0.00148083767585,0.484411333333,0.000204900517867
938,0.575738333333,0.00147481102368,0.484342333333,0.000190484178404
939,0.575729,0.00148557530943,0.484246,0.000202153407095
940,0.575718333333,0.00149074619645,0.48415,0.000221252495278
941,0.575705,0.00149950147271,0.484074333333,0.000222540383351
942,0.575695666667,0.00150332305983,0.483987333333,0.000221510471285
943,0.575688333333,0.00149615091336,0.483906666667,0.00021807847721
944,0.575674,0.00148220466423,0.483828,0.000199734824204
945,0.575677666667,0.0014861687507,0.483746666667,0.000211921893369
946,0.575668333333,0.00147647922061,0.483678333333,0.00023394776245
947,0.575659333333,0.0014662244788,0.483606666667,0.000217035071411
948,0.575659666667,0.00146575448907,0.483527,0.000222536888328
949,0.575645666667,0.00147405570526,0.483444,0.000246888638864
950,0.575643666667,0.00148396076618,0.483353,0.000241976582889
951,0.575629333333,0.00148792570006,0.483269,0.000237323969853
952,0.575631333333,0.00148075258643,0.483169666667,0.000257281082778
953,0.575625666667,0.00148331078635,0.483077666667,0.00026985469341
954,0.575606333333,0.00147639388,0.482998333333,0.00026693986006
955,0.575598333333,0.00147785933777,0.482935,0.000268001243778
956,0.575592666667,0.00148382081877,0.482855333333,0.00025702053528
957,0.575592333333,0.00149213277634,0.482789333333,0.00025417098357
958,0.575587,0.00148522411328,0.482725,0.000242689101527
959,0.575578666667,0.00149505458838,0.482627,0.000249440707718
960,0.575576,0.00150331456012,0.482544,0.000257392048569
961,0.575570666667,0.00149872041719,0.482456666667,0.000234958625199
962,0.575557666667,0.00149454147558,0.482367666667,0.000222426517204
963,0.575557666667,0.00149335736588,0.482282333333,0.000216890653454
964,0.575535,0.00148998143165,0.482177333333,0.000208512722767
965,0.575530333333,0.00148804846098,0.482091333333,0.000225982791872
966,0.575514,0.00149318719523,0.482022,0.00022811108405
967,0.575503333333,0.0015026985356,0.481928,0.000248902926191
968,0.575508,0.00150225985324,0.481824,0.000230073901171
969,0.575517666667,0.00149338124923,0.481755,0.000220655085295
970,0.575502,0.00148974897214,0.481677666667,0.000232575913533
971,0.575498666667,0.00149527485396,0.481592,0.000244566282767
972,0.575493,0.00149640123853,0.481516666667,0.000249801699131
973,0.575465333333,0.00150080896704,0.481423666667,0.000253524927549
974,0.575454333333,0.00150550154065,0.481327666667,0.000257462402865
975,0.575463,0.00151021389214,0.481234333333,0.000252924670384
976,0.575451333333,0.00150872072373,0.481138666667,0.000237924824729
977,0.575441,0.00151502959267,0.481066,0.000248358611689
978,0.575429,0.00150787090517,0.48099,0.000231500899926
979,0.575402333333,0.00150241013782,0.480911666667,0.000237060236133
980,0.575404,0.00150276966521,0.480835333333,0.000260135007683
981,0.57539,0.00150705031989,0.480755,0.000273832065325
982,0.575382333333,0.00149296513318,0.480679666667,0.000283045736391
983,0.575372333333,0.00148518468736,0.480596,0.000286472802665
984,0.575347333333,0.00147808938235,0.480521333333,0.000276396253392
985,0.575335666667,0.00147762023387,0.480445333333,0.000271928095071
986,0.575324666667,0.00148047072094,0.480380666667,0.000265141890734
987,0.575318666667,0.00147337533877,0.480306,0.000249232154159
988,0.575307666667,0.00147268605691,0.480226,0.000257954776398
989,0.575291666667,0.00147410025288,0.480127333333,0.000263324050469
990,0.575287,0.00146942596502,0.480042666667,0.000240878023535
991,0.575275,0.00146382125503,0.479966333333,0.000241597921257
992,0.575266,0.00145833420952,0.479888,0.000241809842645
993,0.575253,0.00146329103963,0.479805333333,0.000254689789526
994,0.575242333333,0.00147407063,0.479713,0.000263594385373
995,0.575240666667,0.00147449999058,0.479616333333,0.00025602256845
996,0.575228,0.00147395454475,0.479551333333,0.000256947897875
997,0.575212333333,0.00146902719134,0.479478333333,0.000250559817653
998,0.575201333333,0.00145350732903,0.479385666667,0.000237689339732
999,0.575187,0.00145744319501,0.479308,0.000253906807051
1000,0.575170333333,0.00145787912927,0.479229666667,0.000260287447941
1001,0.575167666667,0.00145953698899,0.479141666667,0.000260776191824
1002,0.575170333333,0.00146213755243,0.479058,0.000270130832499
1003,0.57516,0.00146547125526,0.478965333333,0.000266683749453
1004,0.575166,0.00146811920497,0.478893,0.00026215389882
1005,0.575152333333,0.00145719738616,0.478796666667,0.000261873166925
1006,0.575144666667,0.00144590694337,0.478699666667,0.00026293260649
1007,0.575138333333,0.00143784336962,0.478629,0.000262573164407
1008,0.575135333333,0.00142756023418,0.478557666667,0.000258191574008
1009,0.575123333333,0.00142425052415,0.478465333333,0.000256754530416
1010,0.575099666667,0.00142563818068,0.478374666667,0.000263375945919
1011,0.575083666667,0.00142492229808,0.478298,0.000271201032446
1012,0.575062666667,0.00142625321112,0.478197666667,0.000262793116771
1013,0.575048,0.00143866396354,0.478116333333,0.000266488690608
1014,0.575036333333,0.00142969048709,0.478028666667,0.000265244960157
1015,0.575015666667,0.00142215009366,0.477943,0.000259882024516
1016,0.575006,0.00141097578529,0.477872333333,0.000288999807766
1017,0.575,0.00139814376943,0.477772,0.000278740022243
1018,0.574985333333,0.00138987537411,0.477690333333,0.000280007539581
1019,0.57497,0.00139173584658,0.477613666667,0.000271431186286
1020,0.574967,0.00140008309277,0.477504333333,0.000267023511241
1021,0.574958333333,0.00139751024643,0.477414,0.000255442100419
1022,0.574950333333,0.00139679092526,0.477310333333,0.000254193277295
1023,0.574943666667,0.00139136391917,0.477209333333,0.000264168296525
1024,0.574934666667,0.00138852927789,0.477133,0.00026375367296
1025,0.574928666667,0.00138996794527,0.477042666667,0.000252678100005
1026,0.574926333333,0.00138198030216,0.476956,0.000246078578236
1027,0.574903666667,0.00136518846888,0.476864333333,0.000239240929237
1028,0.574896333333,0.00136780708516,0.476785666667,0.000243702459751
1029,0.574878,0.00136474564175,0.476712666667,0.000240909849437
1030,0.574871,0.0013548365215,0.476636,0.000245378619009
1031,0.574863666667,0.00135393681126,0.476561666667,0.000226307067695
1032,0.574863333333,0.00135231759912,0.476482666667,0.000234708803035
1033,0.574849666667,0.00134549776002,0.476398,0.000225623580328
1034,0.574834666667,0.00134547794069,0.476317,0.000225642785541
1035,0.574821333333,0.00133256302749,0.476237,0.000228833272639
1036,0.574817333333,0.00133330099961,0.476149,0.000267346217478
1037,0.574796666667,0.00134209943331,0.476071333333,0.000283907653218
1038,0.57479,0.00132749789705,0.475979333333,0.000282872566519
1039,0.574784666667,0.00133269659796,0.475921666667,0.000291197909028
1040,0.574776,0.0013293986109,0.475839,0.000292442586958
1041,0.574770666667,0.0013195861304,0.475749333333,0.000307283076151
1042,0.574757,0.00132574683355,0.475661666667,0.000306665217388
1043,0.574746,0.0013188975194,0.475591,0.00030496338578
1044,0.574734333333,0.00130481833559,0.475497666667,0.000305849999546
1045,0.574732,0.00129795300377,0.475418,0.000315750956715
1046,0.574726666667,0.0012921254669,0.475343,0.000300297630138
1047,0.574712666667,0.0012800136284,0.475284333333,0.0003018502204
1048,0.574712333333,0.00128034118717,0.475205333333,0.000303058116905
1049,0.574712,0.00127861200787,0.475144333333,0.000302498852156
1050,0.574716333333,0.0012745630188,0.475073,0.00029178873636
1051,0.574717333333,0.00126460595532,0.474999,0.000298707214509
1052,0.574713333333,0.00126171426594,0.47491,0.000312218940275
1053,0.574711,0.00126008121431,0.474827333333,0.000280012301317
1054,0.574708,0.00126020421625,0.474749333333,0.000271180546664
1055,0.574711333333,0.00126339023619,0.474661,0.000267734943554
1056,0.574692666667,0.00126596111929,0.474579666667,0.000278339520889
1057,0.574689333333,0.00126881633379,0.474508666667,0.000270925984152
1058,0.574671,0.00126311466885,0.474419333333,0.000276521648741
1059,0.574653666667,0.00126058566636,0.474338,0.000272302527837
1060,0.574646333333,0.00126385556488,0.474272,0.000278963557955
1061,0.574646,0.00126579645546,0.474189666667,0.000294312003757
1062,0.574636333333,0.00127615368284,0.474106,0.000306493066806
1063,0.574633,0.00127059854662,0.474013333333,0.000307220152695
1064,0.574615333333,0.00126668236832,0.473939333333,0.000307061702088
1065,0.574611,0.00126525570538,0.473865333333,0.000314112860114
1066,0.574615333333,0.00126212343119,0.473787,0.000311830081936
1067,0.574596666667,0.0012480786122,0.473709,0.000311258734817
1068,0.574595666667,0.00125005848752,0.473618333333,0.000335889201308
1069,0.574588333333,0.00125324122002,0.47354,0.000353599585218
1070,0.574571333333,0.00124401295099,0.473442333333,0.0003355883722
1071,0.574563,0.00125659540028,0.473373333333,0.000312186198001
1072,0.574561,0.00125077895729,0.473287,0.000330216090866
1073,0.574560333333,0.00123916647613,0.473203,0.00032502410167
1074,0.574562,0.00124165776283,0.473120333333,0.000318394235012
1075,0.574560333333,0.00123804801558,0.473031333333,0.000301540857744
1076,0.574551,0.0012309096907,0.472952666667,0.000291096013179
1077,0.574532666667,0.00122893187588,0.472878,0.000281343206778
1078,0.574529666667,0.00123433985956,0.472817333333,0.000296935832949
1079,0.574521,0.00124009462005,0.472741,0.000301419972795
1080,0.574517333333,0.00124333351206,0.472666333333,0.000281193093008
1081,0.57451,0.00123616099275,0.472569666667,0.000267125854649
1082,0.574506666667,0.00122889010448,0.472502333333,0.000274159726356
1083,0.574499666667,0.00122687715585,0.472424,0.000261155126314
1084,0.574492,0.0012214851616,0.472334333333,0.000252893038435
1085,0.574488666667,0.00122029295208,0.472248,0.00024489317399
1086,0.574473666667,0.00123548110287,0.472163,0.000246322282116
1087,0.574463333333,0.00122977134279,0.472091666667,0.000238374122384
1088,0.574450333333,0.00122016018985,0.472033,0.000226287427843
1089,0.574445,0.00121462778935,0.471944666667,0.000240222581971
1090,0.574435,0.00120760285966,0.471831333333,0.000251259936232
1091,0.574432666667,0.00119312316585,0.471731,0.000253191627034
1092,0.574415,0.00118684652195,0.471627666667,0.000264551612272
1093,0.574410666667,0.00119208538098,0.471538666667,0.00026299598645
1094,0.574400666667,0.00120424037837,0.471451333333,0.000277611639205
1095,0.574397333333,0.0011973989403,0.471364333333,0.000276055952461
1096,0.574389666667,0.00119369296257,0.471295666667,0.000274532734336
1097,0.574382666667,0.00119876056362,0.471234666667,0.000269742263817
1098,0.574368666667,0.00120024617845,0.471165,0.000268879155012
1099,0.574369,0.00120101040795,0.471097666667,0.000280552233204
1100,0.574368666667,0.00119061170086,0.471013333333,0.000272059225578
1101,0.574360333333,0.00118724059155,0.470940333333,0.000279571497514
1102,0.574352,0.00118760459189,0.470852666667,0.000279371119163
1103,0.574341333333,0.00117750281906,0.470753666667,0.000298808002273
1104,0.574330333333,0.00118202688445,0.470661,0.000280670625467
1105,0.574328,0.00117779992642,0.470572,0.000277749287428
1106,0.574327666667,0.00118464743935,0.470493666667,0.00027780248779
1107,0.574324666667,0.00118182354389,0.470441,0.000271289513251
1108,0.574319,0.00117702534665,0.470365333333,0.000259847818711
1109,0.574315,0.00117274407552,0.470281333333,0.000265432142406
1110,0.574303333333,0.00117591732514,0.470202666667,0.000265175832651
1111,0.574291333333,0.00118370613846,0.470103,0.000265917280371
1112,0.574293666667,0.00116855646942,0.470007333333,0.000266859929967
1113,0.574276666667,0.00117825643313,0.469917,0.000277196681077
1114,0.574268333333,0.00117452553068,0.469843333333,0.000277508358232
1115,0.574272,0.00117514850125,0.469761666667,0.0002840567236
1116,0.574267666667,0.00118348759558,0.469673,0.000287795065976
1117,0.574267333333,0.00118399896772,0.469596,0.000284314379986
1118,0.574262333333,0.00118635023871,0.469536,0.000289333717358
1119,0.574252666667,0.00118656375958,0.469454666667,0.000277676470415
1120,0.574237,0.00117151639624,0.469361666667,0.000273414622059
1121,0.574233666667,0.00117175803342,0.469279333333,0.000272482823108
1122,0.574238666667,0.00118415492605,0.469202,0.000263063997283
1123,0.574232666667,0.00117959663539,0.469129666667,0.000269886807549
1124,0.574233666667,0.00118601358433,0.469049333333,0.000260650894664
1125,0.574220333333,0.00118321379678,0.468964,0.000254591175547
1126,0.574214,0.00118116411504,0.468879333333,0.000254797087023
1127,0.574215333333,0.00117424935834,0.468816,0.000244707989244
1128,0.574207666667,0.00118551292228,0.468724333333,0.000241352209207
1129,0.574203666667,0.00116532608693,0.468649,0.000253333771929
1130,0.574199333333,0.00115923432585,0.468567666667,0.000255980902065
1131,0.574201666667,0.00115695356672,0.468492666667,0.000266516207554
1132,0.574193666667,0.00115436341283,0.468419333333,0.000256918058705
1133,0.574181333333,0.00114880846484,0.468352333333,0.00025890324233
1134,0.574191,0.00115293914266,0.468263333333,0.000254021433916
1135,0.574186666667,0.00114771144264,0.468190333333,0.000266741239573
1136,0.574172666667,0.00115335722519,0.468129,0.000271289513251
1137,0.574179333333,0.00115858544019,0.468073,0.000267690119354
1138,0.574172333333,0.00115059907102,0.467979,0.00026665458306
1139,0.574169333333,0.00115260005591,0.467908333333,0.000273882375401
1140,0.574167333333,0.00115606641485,0.467841333333,0.000285652858476
1141,0.574162,0.00115485439198,0.467767666667,0.000294700224334
1142,0.574153333333,0.0011421909745,0.467699333333,0.000296703368516
1143,0.574153333333,0.00114775849182,0.467624333333,0.000293342045325
1144,0.574147333333,0.0011239105342,0.467530333333,0.000290462083967
1145,0.574137666667,0.001124455819,0.467458333333,0.000289815266832
1146,0.574129333333,0.00112311748668,0.467373666667,0.00031238260017
1147,0.574123,0.00113210982977,0.467304666667,0.000315165917503
1148,0.574123333333,0.00113531268331,0.467252666667,0.00031374122387
1149,0.574124666667,0.0011433822147,0.467174333333,0.000320680872866
1150,0.574104333333,0.00113876434007,0.467096333333,0.000319850312212
1151,0.574106666667,0.00113036906461,0.467012333333,0.000333291997437
1152,0.574110666667,0.00113251617599,0.466943,0.000341685040156
1153,0.574087,0.0011327862405,0.466864333333,0.000343248533217
1154,0.574074333333,0.00113828067228,0.466792666667,0.000336809870534
1155,0.574067,0.00113572385141,0.466712666667,0.000335042617521
1156,0.574057666667,0.00112879946059,0.466626333333,0.000331760288294
1157,0.574055666667,0.00112132104631,0.466547333333,0.000336588109647
1158,0.574050333333,0.00111615898907,0.466476666667,0.000348196623891
1159,0.574049666667,0.00111479335404,0.466414333333,0.000353053662903
1160,0.574043666667,0.00111049308367,0.466341,0.00035375697873
1161,0.574038333333,0.00109918798311,0.466252,0.000359492234501
1162,0.574029333333,0.00110638339748,0.466175,0.000355753660089
1163,0.574026666667,0.00111033338337,0.466095,0.000357359762704
1164,0.574027,0.00109865827262,0.466026,0.0003522754604
1165,0.574020666667,0.00110444234294,0.465945666667,0.000349642039171
1166,0.574016333333,0.00110311357328,0.465870666667,0.000347073799389
1167,0.574009333333,0.00110826902069,0.465792666667,0.000366728176659
1168,0.574016,0.00111285428816,0.465724333333,0.000349232809964
1169,0.574012,0.00110723649988,0.465655333333,0.000359370127986
1170,0.574011,0.0010981733318,0.465588333333,0.000357819631782
1171,0.574002666667,0.00108673650082,0.465532333333,0.000360892720286
1172,0.574001666667,0.0010845663752,0.465467,0.000349831387957
1173,0.573997333333,0.00108344337903,0.465398666667,0.000345103205175
1174,0.573985333333,0.00108610660414,0.465315,0.000344537370977
1175,0.573972,0.00108354633803,0.465237333333,0.000319902415676
1176,0.573960666667,0.00108433154012,0.465169333333,0.00031367747059
1177,0.573969666667,0.00108569312218,0.46508,0.000311085197333
1178,0.573961333333,0.00109534114422,0.465027,0.000321811539051
1179,0.573952333333,0.00110042910822,0.464952333333,0.000316801024129
1180,0.573951666667,0.00110659547964,0.464875,0.00031886151644
1181,0.573937,0.00110517359119,0.464811666667,0.000310115390711
1182,0.573931666667,0.00110695448065,0.464748666667,0.000313152075232
1183,0.573923,0.00112503066625,0.464656666667,0.000320593546757
1184,0.573913,0.00112849841235,0.464585,0.000329517829563
1185,0.573902,0.00112471981696,0.464515333333,0.000335992394094
1186,0.573899,0.00112893962047,0.464444333333,0.000345432418217
1187,0.573894666667,0.00113515647477,0.464375666667,0.000355177264037
1188,0.573896333333,0.00113083577745,0.464319333333,0.000382528720781
1189,0.573896,0.00112842545168,0.464245,0.00038256067057
1190,0.57387,0.00111791353273,0.464166666667,0.000387134200102
1191,0.573870666667,0.00109974673852,0.46408,0.000396819858374
1192,0.573873666667,0.00109206267626,0.46401,0.000416212285579
1193,0.573872,0.00109299954254,0.463938666667,0.000406949901367
1194,0.573870333333,0.00107839273407,0.463859,0.000404144363646
1195,0.573859333333,0.00106771573412,0.463784666667,0.000411622264812
1196,0.573849666667,0.00107080042751,0.463702666667,0.000407477879427
1197,0.573852333333,0.00106822261517,0.463615,0.000394431236086
1198,0.573852333333,0.00106093805453,0.463536333333,0.000411485385187
1199,0.573841333333,0.0010494393212,0.463448333333,0.00040095912787
1200,0.573832333333,0.00104320989685,0.463365666667,0.000398796801503
1201,0.573822,0.0010430861262,0.463277666667,0.000412600156191
1202,0.573821333333,0.00104596887568,0.463191666667,0.000410162840291
1203,0.573822333333,0.00104985787398,0.463108,0.00041243262076
1204,0.573814,0.00104981807948,0.463029,0.000432797874302
1205,0.573808333333,0.00104579039753,0.462969,0.000431279491745
1206,0.573800666667,0.00103948138779,0.462865333333,0.000424499967282
1207,0.573804666667,0.00104133194622,0.462791,0.000446733328359
1208,0.573794,0.00104374422154,0.462716,0.000447761841459
1209,0.573791666667,0.00104240182058,0.462640666667,0.000438487045292
1210,0.573781333333,0.00103513166098,0.462564333333,0.000421380535331
1211,0.573777,0.00102718093181,0.462509,0.000421543196679
1212,0.573774666667,0.00102576226399,0.462424,0.000421353375051
1213,0.573773333333,0.00103564676518,0.462337666667,0.000443887623416
1214,0.573769333333,0.00104735295971,0.462248666667,0.000446480558243
1215,0.573769333333,0.00104965084142,0.462187,0.000450249560429
1216,0.573768666667,0.00105759612119,0.462131333333,0.000465235663102
1217,0.573768666667,0.00106016895928,0.462064,0.000486342129233
1218,0.573759666667,0.00106266969887,0.461997,0.000474487794012
1219,0.573751666667,0.00104893861699,0.461935,0.000485347298334
1220,0.573732,0.00104962596513,0.461853666667,0.000488323208086
1221,0.573714333333,0.00105842031139,0.461775333333,0.000508992687134
1222,0.573704333333,0.00105353257609,0.461715333333,0.000493980656391
1223,0.5737,0.00105012983324,0.461627333333,0.000503437737516
1224,0.573706666667,0.00104736696318,0.461558666667,0.000511536465519
1225,0.573697,0.00104080641812,0.461492666667,0.000514393710001
1226,0.573708333333,0.00105979882787,0.461423666667,0.00050949408458
1227,0.573700666667,0.00105865081852,0.461364,0.000512434060799
1228,0.573699333333,0.00105602788263,0.461286666667,0.000505169498507
1229,0.573685333333,0.00105364837061,0.461199,0.000499312193589
1230,0.573671333333,0.00105682743257,0.461128,0.000485001030927
1231,0.573680666667,0.00104292995397,0.461054666667,0.000499882875171
1232,0.573680333333,0.00104123302974,0.460979666667,0.000485427875407
1233,0.573687333333,0.00103654372261,0.460894,0.000501777507135
1234,0.573681,0.00104461508062,0.460818,0.00048703456414
1235,0.573670333333,0.00104702509786,0.460746,0.000487157743105
1236,0.573660333333,0.00104076777215,0.460658333333,0.000470187433076
1237,0.573654333333,0.00103367381487,0.460589,0.000459741956609
1238,0.573649333333,0.00102775624001,0.460517,0.000467804090049
1239,0.573645,0.0010201924655,0.460450333333,0.000461971379585
1240,0.573647333333,0.00100897714983,0.460369333333,0.000455962230405
1241,0.573651333333,0.00100304813222,0.460306666667,0.000469791679601
1242,0.573632666667,0.00101012518476,0.460223333333,0.000469014806684
1243,0.573641666667,0.00101420455969,0.460143,0.00048663401717
1244,0.573643,0.00101010527504,0.460067,0.000489802000813
1245,0.573638666667,0.00101347400339,0.459997333333,0.000494900887945
1246,0.573636666667,0.0010069446636,0.459917,0.000503003644785
1247,0.573630333333,0.00101187098431,0.459850666667,0.000509970805265
1248,0.573628,0.00101001023097,0.459778333333,0.000533731726203
1249,0.573608666667,0.0010069446636,0.459692333333,0.000519993162348
1250,0.573606,0.0010155711037,0.459609666667,0.000514938399768
1251,0.573599333333,0.00101800207378,0.459532,0.00051297563295
1252,0.573599333333,0.00102230795534,0.459461,0.00051400843054
1253,0.573590333333,0.00102275618904,0.459402333333,0.000512624835745
1254,0.573584,0.00102800810632,0.459337666667,0.000503982363007
1255,0.573566,0.0010293778056,0.459259666667,0.000503955244926
1256,0.573566333333,0.00102485652112,0.459205666667,0.000509138051569
1257,0.573561,0.00102870695536,0.459139333333,0.000516479320872
1258,0.573548666667,0.00101924361934,0.459062333333,0.000512968051853
1259,0.573552,0.00101254662444,0.458994,0.000514014266987
1260,0.573553,0.00101834800862,0.458925666667,0.000521395776312
1261,0.573539,0.00101277276161,0.458848,0.000507563460728
1262,0.573530333333,0.00102331172616,0.458773333333,0.000525834152139
1263,0.573525333333,0.00102433273674,0.458696666667,0.000544869607235
1264,0.573520333333,0.00102623237568,0.458618,0.000547927610791
1265,0.573521666667,0.00102834700153,0.458553,0.000570565216839
1266,0.573519666667,0.00102419735511,0.458478333333,0.00059121137412
1267,0.573517,0.00102311029057,0.458410666667,0.000583462271464
1268,0.573521,0.00100707530337,0.458333666667,0.000592055365279
1269,0.573516333333,0.00100579697532,0.458268666667,0.000574264940791
1270,0.573513666667,0.00100205067514,0.458208666667,0.000571133570678
1271,0.573507333333,0.000998751331525,0.458141,0.000592594858792
1272,0.57351,0.00100384892622,0.458083,0.00058806518913
1273,0.573509333333,0.00100459356071,0.458021,0.000594656763744
1274,0.573512333333,0.0010138538137,0.457950333333,0.000586497702941
1275,0.573511333333,0.00101915073577,0.457865333333,0.000585835206256
1276,0.573494333333,0.00101341151014,0.457781666667,0.00058218057527
1277,0.573498333333,0.0010105210977,0.457712333333,0.000589414587159
1278,0.573486333333,0.00101326545825,0.457620333333,0.000585344532922
1279,0.573484666667,0.00100804971218,0.457539333333,0.000584359668545
1280,0.573472333333,0.00100347872701,0.457471666667,0.000594755038277
1281,0.573461,0.0010095249708,0.457406,0.000584727286861
1282,0.573467,0.00101191600442,0.457337333333,0.000585464108398
1283,0.573464333333,0.00100855154664,0.457277,0.000568388951335
1284,0.573455666667,0.00101353649279,0.457200666667,0.000565913028261
1285,0.573456333333,0.0010183779041,0.457123666667,0.00057877418356
1286,0.573441666667,0.00100579465543,0.457042,0.000586048348404
1287,0.573451666667,0.00100063124521,0.456983,0.00058880274003
1288,0.573452333333,0.00100213583023,0.456911,0.000597297804003
1289,0.573448333333,0.00101019382079,0.456853666667,0.000596150055681
1290,0.573442333333,0.0010056388793,0.456781,0.000594650037137
1291,0.573439,0.00100663829982,0.456698,0.000607010708308
1292,0.573439,0.00100459577277,0.456628666667,0.000598165157424
1293,0.573417,0.00100407071464,0.456547,0.000587221139492
1294,0.573420666667,0.00100628171448,0.456470666667,0.000602931357803
1295,0.573407666667,0.00101042345359,0.456401333333,0.000626495721365
1296,0.573399333333,0.00101157709653,0.456318666667,0.000604947564303
1297,0.573394333333,0.0010084477621,0.456242666667,0.000606987277919
1298,0.573379,0.00100306962204,0.456180333333,0.000620007706045
1299,0.573373333333,0.00100297202797,0.456105666667,0.000617458410655
1300,0.573356666667,0.0010052649181,0.456032666667,0.000623851656156
1301,0.573356333333,0.000990633579528,0.455958333333,0.000648637717751
1302,0.573349333333,0.000994022579668,0.455904333333,0.000651382802625
1303,0.573336666667,0.000996586618859,0.45583,0.000659651928419
1304,0.573336333333,0.000989105431972,0.455751666667,0.000682163877346
1305,0.573336,0.000980316615521,0.455682333333,0.000674159888717
1306,0.573339333333,0.00096624922021,0.455595333333,0.00068893363654
1307,0.573324666667,0.000961523906215,0.455532666667,0.000691289294644
1308,0.573314666667,0.000964482705334,0.455448333333,0.000694627158186
1309,0.573304,0.000975439388173,0.455374333333,0.000698192587249
1310,0.573309,0.000976607392968,0.45531,0.00068290702149
1311,0.573311666667,0.000979918477335,0.455249333333,0.000673825067968
1312,0.573302,0.000972317163618,0.455181,0.00065912416635
1313,0.573306666667,0.000969235552152,0.455118666667,0.000672160860377
1314,0.573297666667,0.000967815524203,0.455049,0.000679357048981
1315,0.573293333333,0.000973233899031,0.454965333333,0.000677065399763
1316,0.573284666667,0.000973508203469,0.454906333333,0.000688506757814
1317,0.573284,0.000974516632319,0.454814666667,0.000680941668247
1318,0.573284,0.000989976767404,0.454749,0.000700657310435
1319,0.573280333333,0.000990300403357,0.454664,0.000694953715485
1320,0.573264666667,0.000986909767349,0.454582666667,0.00070099421459
1321,0.573263666667,0.000983407115876,0.454502,0.000711522780146
1322,0.573254,0.000984441973912,0.454432666667,0.00071291015485
1323,0.573249666667,0.000976300613996,0.454357333333,0.000705107714388
1324,0.573244666667,0.000969968498916,0.454299333333,0.000719852917076
1325,0.573242333333,0.000954849493667,0.454237666667,0.000713428498325
